[[ 1.         -0.94444193 -0.94444193 -0.99999998 -0.99999999 -0.99999998 -0.99999998  0.16667386  0.94444193  0.94444193]
 [-0.94444193  1.          1.          0.9444293   0.94444194  0.94444194  0.94444194  0.16666697 -1.         -1.        ]
 [-0.94444193  1.          1.          0.9444293   0.94444194  0.94444194  0.94444194  0.16666697 -1.         -1.        ]
 [-0.99999998  0.9444293   0.9444293   1.          1.          1.          1.         -0.16671178 -0.9444293  -0.9444293 ]
 [-0.99999999  0.94444194  0.94444194  1.          1.          1.          1.         -0.16667386 -0.94444194 -0.94444194]
 [-0.99999998  0.94444194  0.94444194  1.          1.          1.          1.         -0.16667386 -0.94444194 -0.94444194]
 [-0.99999998  0.94444194  0.94444194  1.          1.          1.          1.         -0.16667386 -0.94444194 -0.94444194]
 [ 0.16667386  0.16666697  0.16666697 -0.16671178 -0.16667386 -0.16667386 -0.16667386  1.         -0.16666697 -0.16666697]
 [ 0.94444193 -1.         -1.         -0.9444293  -0.94444194 -0.94444194 -0.94444194 -0.16666697  1.          1.        ]
 [ 0.94444193 -1.         -1.         -0.9444293  -0.94444194 -0.94444194 -0.94444194 -0.16666697  1.          1.        ]]


[0.9999999980301751, -0.944441932617255, -0.944441926448116, -0.9999999820173943, -0.9999999877778826, -0.9999999821820171, -0.9999999843335661, 0.16667385643246727, 0.9444419270457072, 0.9444419267123001]


[ 1.         -0.59091462 -0.20299985 -0.820185   -0.79205704 -0.57894977 -0.91779441  0.97147155  0.18913804 -0.23137162 
 -0.59091462  1.          0.90988534  0.59202211  0.96050596  0.99988885  0.6481425  -0.38290605 -0.82712364 -0.58924479 
 -0.20299985  0.90988534  1.          0.29912147  0.75851424  0.91591203  0.31628958  0.03484145 -0.90490562 -0.83263241
 -0.820185    0.59202211  0.29912147  1.          0.73034962  0.58456129  0.97873891 -0.75967364 -0.03843802  0.27571162 
 -0.79205704  0.96050596  0.75851424  0.73034962  1.          0.95629294  0.80665361 -0.62482883 -0.6915093  -0.36641837 
 -0.57894977  0.99988885  0.91591203  0.58456129  0.95629294  1.          0.63910392 -0.36921689 -0.83159662 -0.59897535
 -0.91779441  0.6481425   0.31628958  0.97873891  0.80665361  0.63910392  1.         -0.85677752 -0.1318026   0.23288378  
  0.97147155 -0.38290605  0.03484145 -0.75967364 -0.62482883 -0.36921689 -0.85677752  1.         -0.02213429 -0.43428527  
  0.18913804 -0.82712364 -0.90490562 -0.03843802 -0.6915093  -0.83159662 -0.1318026  -0.02213429  1.          0.91014144
 -0.23137162 -0.58924479 -0.83263241  0.27571162 -0.36641837 -0.59897535  0.23288378 -0.43428527  0.91014144  1.        ]