[[0.99999999 0.99998952 0.99998984 0.99998993 0.99998435 0.9999886  0.99998982 0.99998309 0.99998859 0.99998702]
 [0.99998952 1.         0.99999848 0.99999858 0.99999483 0.99999758 0.99999864 0.99999145 0.99999713 0.99999569]
 [0.99998984 0.99999848 1.         0.9999995  0.99999491 0.99999876 0.9999996  0.99999297 0.99999822 0.99999651]
 [0.99998993 0.99999858 0.9999995  1.         0.99999518 0.9999988  0.9999999  0.99999298 0.99999855 0.99999701]
 [0.99998435 0.99999483 0.99999491 0.99999518 0.99999999 0.99999488 0.99999527 0.99998768 0.99999391 0.99999239]
 [0.9999886  0.99999758 0.99999876 0.9999988  0.99999488 1.         0.9999989  0.9999928  0.99999758 0.9999959 ]
 [0.99998982 0.99999864 0.9999996  0.9999999  0.99999527 0.9999989  1.         0.99999314 0.99999864 0.999997  ]
 [0.99998309 0.99999145 0.99999297 0.99999298 0.99998768 0.9999928  0.99999314 0.99999999 0.99999265 0.99998906]
 [0.99998859 0.99999713 0.99999822 0.99999855 0.99999391 0.99999758 0.99999864 0.99999265 1.         0.99999641]
 [0.99998702 0.99999569 0.99999651 0.99999701 0.99999239 0.9999959  0.999997   0.99998906 0.99999641 1.        ]]